1741754275870 0.0266136991456151 0
1741754384707 0.01796421394745509 1
1741754494212 0.013777524303644895 2
1741754603729 0.010626747184743483 3
1741754713247 0.008603605987504124 4
1741754822762 0.0076637918595224615 5
1741754932685 0.006532627271798749 6
1741755042479 0.00604705789933602 7
1741755151932 0.005157317587795357 8
1741755261876 0.004640950403486689 9
1741755369357 0.004436378887544076 10
1741755476859 0.00395202624766777 11
1741755587031 0.003736975459381938 12
1741755692472 0.003474882438623657 13
1741755798329 0.0032531573738281924 14
1741755908430 0.002960963235469535 15
1741756018465 0.0028879437543607007 16
1741756124078 0.0032942502708174287 17
1741756235438 0.0027500192853622137 18
1741756340514 0.0023084733065528175 19
